SNP.id	SNP.chr	SNP.bp	Gene.id	Gene.name	Gene.start	Gene.end	SNP.maf	SNP.qual	SNP.ESampleSize
null2_307	1	643	23	gene23	643	671	0.24925	1	748.498
null2_308	1	644	23	gene23	643	671	0.36425	1	926.288
null2_309	1	645	23	gene23	643	671	0.15225	1	516.28
null2_310	1	646	23	gene23	643	671	0.1005	1	361.599
null2_311	1	647	23	gene23	643	671	0.35175	1	912.088
null2_312	1	648	23	gene23	643	671	0.34675	1	906.058
null2_313	1	649	23	gene23	643	671	0.17875	1	587.194
null2_314	1	650	23	gene23	643	671	0.46825	1	995.968
null2_315	1	651	23	gene23	643	671	0.148	1	504.384
null2_316	1	652	23	gene23	643	671	0.23325	1	715.378
null2_317	1	653	23	gene23	643	671	0.32575	1	878.548
null2_318	1	654	23	gene23	643	671	0.326	1	878.896
null2_319	1	655	23	gene23	643	671	0.119	1	419.356
null2_320	1	656	23	gene23	643	671	0.4495	1	989.799
null2_321	1	657	23	gene23	643	671	0.367	1	929.244
null2_322	1	658	23	gene23	643	671	0.47025	1	996.46
null2_323	1	659	23	gene23	643	671	0.27025	1	788.86
null2_324	1	660	23	gene23	643	671	0.137	1	472.924
null2_325	1	661	23	gene23	643	671	0.40825	1	966.328
null2_326	1	662	23	gene23	643	671	0.4565	1	992.431
null2_327	1	663	23	gene23	643	671	0.377	1	939.484
null2_328	1	664	23	gene23	643	671	0.4635	1	994.671
null2_329	1	665	23	gene23	643	671	0.33	1	884.4
dis2_0	1	666	23	gene23	643	671	0.4825	1	998.775
dis2_1	1	667	23	gene23	643	671	0.2715	1	791.151
dis2_2	1	668	23	gene23	643	671	0.47175	1	996.808
dis2_3	1	669	23	gene23	643	671	0.1535	1	519.751
dis2_4	1	670	23	gene23	643	671	0.462	1	994.224
null3_0	1	671	23	gene23	643	671	0.276	1	799.296
